[gd_scene load_steps=7 format=3 uid="uid://dqhkrihfol8u8"]

[ext_resource type="Script" path="res://Player/player.gd" id="1_o5c6n"]
[ext_resource type="Script" path="res://Player/SmoothCameraArm.gd" id="2_jt83h"]
[ext_resource type="PackedScene" uid="uid://2ybj2vw7otoo" path="res://Player/rig.tscn" id="3_nipy7"]
[ext_resource type="Script" path="res://Player/AttackCast.gd" id="4_htkij"]

[sub_resource type="CapsuleShape3D" id="CapsuleShape3D_wa12n"]

[sub_resource type="SeparationRayShape3D" id="SeparationRayShape3D_hdav1"]
length = 4.0

[node name="Player" type="CharacterBody3D"]
script = ExtResource("1_o5c6n")

[node name="CollisionShape3D" type="CollisionShape3D" parent="."]
shape = SubResource("CapsuleShape3D_wa12n")

[node name="SmoothCameraArm" type="SpringArm3D" parent="." node_paths=PackedStringArray("target")]
transform = Transform3D(1, 0, 0, 0, 0.906308, 0.422618, 0, -0.422618, 0.906308, 0, 0, 0)
shape = SubResource("SeparationRayShape3D_hdav1")
spring_length = 4.0
script = ExtResource("2_jt83h")
target = NodePath("../HorizontalPivot/VerticalPivot")

[node name="Camera3D" type="Camera3D" parent="SmoothCameraArm"]

[node name="HorizontalPivot" type="Node3D" parent="."]

[node name="VerticalPivot" type="Node3D" parent="HorizontalPivot"]

[node name="RigPivot" type="Node3D" parent="."]
transform = Transform3D(1, 0, 0, 0, 1, 0, 0, 0, 1, 0, -1, 0)

[node name="Rig" parent="RigPivot" instance=ExtResource("3_nipy7")]

[node name="Skeleton3D" parent="RigPivot/Rig/CharacterRig/GameRig" index="0"]
bones/0/position = Vector3(0.0256648, 0.894804, -0.0197644)
bones/1/rotation = Quaternion(-0.0518365, 0.000339006, 0.00427264, 0.998646)
bones/2/rotation = Quaternion(0.0168542, -0.00322343, -0.0263739, 0.999505)
bones/3/position = Vector3(1.24309e-09, 0.191552, -1.05946e-08)
bones/3/rotation = Quaternion(-0.169305, -0.00879754, 0.0464901, 0.984427)
bones/4/rotation = Quaternion(0.344918, -0.00212962, -0.0680131, 0.936163)
bones/6/rotation = Quaternion(-0.178687, 0.0189359, 0.0422068, 0.982818)
bones/7/position = Vector3(0.0256648, 0.894804, -0.0197643)
bones/8/position = Vector3(0.0256648, 0.894803, -0.0197643)
bones/9/position = Vector3(0.156809, 0.960556, -0.00474235)
bones/9/rotation = Quaternion(0.97959, -0.0175035, -0.0297843, 0.198014)
bones/10/position = Vector3(-1.28612e-08, 0.265712, -1.14937e-08)
bones/10/rotation = Quaternion(-1.23032e-08, -0.00621256, 1.1346e-08, 0.999981)
bones/11/position = Vector3(-8.18427e-09, 0.265712, 1.86604e-08)
bones/11/rotation = Quaternion(0.411213, -0.00595136, 0.00380214, 0.911512)
bones/12/position = Vector3(8.90495e-09, 0.225726, 2.87301e-08)
bones/12/rotation = Quaternion(-9.6498e-09, 0.00837707, 2.93081e-08, 0.999965)
bones/13/position = Vector3(-1.55451e-08, 0.225726, -1.03125e-08)
bones/13/rotation = Quaternion(-0.72492, 0.0330513, -0.0196672, 0.687759)
bones/15/position = Vector3(-0.105479, 0.960556, -0.00474236)
bones/15/rotation = Quaternion(0.991409, -0.0248215, 0.0284683, 0.125228)
bones/16/position = Vector3(-6.9752e-09, 0.263885, -2.52619e-08)
bones/16/rotation = Quaternion(-1.60932e-08, -5.08695e-05, -3.72156e-08, 1)
bones/17/position = Vector3(9.4631e-09, 0.263885, -8.34457e-09)
bones/17/rotation = Quaternion(0.574504, 0.000376846, 0.00174303, 0.8185)
bones/18/position = Vector3(6.00598e-09, 0.223808, 1.81602e-09)
bones/18/rotation = Quaternion(-2.50654e-08, -0.0118023, 1.51008e-08, 0.99993)
bones/19/position = Vector3(-6.09727e-09, 0.223808, 1.21692e-08)
bones/19/rotation = Quaternion(-0.630604, -0.033823, -0.000749347, 0.775367)
bones/21/position = Vector3(0.0489731, 1.40592, 0.0983665)
bones/21/rotation = Quaternion(-0.447525, -0.274838, -0.405755, 0.74803)
bones/22/position = Vector3(0.213726, 1.45437, 0.0456551)
bones/22/rotation = Quaternion(-0.0502828, -0.100531, 0.978518, -0.172825)
bones/23/rotation = Quaternion(2.50201e-08, -0.0460902, 2.21555e-10, 0.998937)
bones/24/rotation = Quaternion(0.508921, -0.0561413, -0.156679, 0.84457)
bones/25/rotation = Quaternion(-2.00053e-07, 0.00918443, 2.22371e-09, 0.999958)
bones/26/rotation = Quaternion(0.019395, 0.0089931, -0.160467, 0.98681)
bones/46/position = Vector3(0.0125793, 1.40427, 0.0974968)
bones/46/rotation = Quaternion(-0.470477, 0.232321, 0.427385, 0.73622)
bones/47/position = Vector3(-0.152254, 1.43792, 0.0335089)
bones/47/rotation = Quaternion(0.0423756, -0.0763203, 0.98236, 0.165376)
bones/48/rotation = Quaternion(-6.63699e-08, 0.0800555, 3.41745e-08, 0.99679)
bones/49/rotation = Quaternion(0.550633, 0.0940343, 0.166888, 0.812471)
bones/50/rotation = Quaternion(-1.16618e-07, -0.00778111, -9.65806e-08, 0.99997)
bones/51/rotation = Quaternion(-0.0755985, -0.0075376, -0.00541558, 0.997095)
bones/71/position = Vector3(0.155585, 1.34047, 0.0217312)
bones/71/rotation = Quaternion(-0.0208716, 0.554162, 0.832009, -0.0151328)
bones/72/position = Vector3(-0.0843835, 1.32961, 0.0159971)
bones/72/rotation = Quaternion(-0.0208716, 0.554162, 0.832009, -0.0151328)

[node name="RightHandBone" parent="RigPivot/Rig" index="2"]
transform = Transform3D(-0.998166, -0.0447544, -0.0407562, -0.00555512, -0.60274, 0.797919, -0.0602757, 0.796682, 0.601386, -0.257672, 1.04926, 0.217873)

[node name="LeftHandBone" parent="RigPivot/Rig" index="3"]
transform = Transform3D(-0.937212, -0.341036, -0.0729959, 0.149084, -0.580969, 0.800155, -0.31529, 0.739033, 0.595334, 0.306914, 1.03359, 0.189963)

[node name="RayAttachment" type="BoneAttachment3D" parent="RigPivot/Rig"]
transform = Transform3D(-0.998166, -0.0447544, -0.0407562, -0.00555512, -0.60274, 0.797919, -0.0602757, 0.796682, 0.601386, -0.257672, 1.04926, 0.217873)
bone_name = "DEF-hand.R"
bone_idx = 51
use_external_skeleton = true
external_skeleton = NodePath("../CharacterRig/GameRig/Skeleton3D")

[node name="AttackCast" type="RayCast3D" parent="RigPivot/Rig/RayAttachment"]
unique_name_in_owner = true
transform = Transform3D(-6.67545e-09, 4.32943e-08, 1, 0.996196, 0.0871559, 2.87668e-09, -0.087156, 0.996195, -4.37114e-08, -0.03, 0.075, -0.05)
target_position = Vector3(0, 1, 0)
script = ExtResource("4_htkij")

[editable path="RigPivot/Rig"]
[editable path="RigPivot/Rig/CharacterRig"]
